2 292
6 161800
8 156900
10 161700
12 161600
36 215
39 12
40 13
41 41
42 65
43 171
44 530
45 1
46 9
47 23
48 10
50 2
52 6
53 23
54 7
56 11
58 23
60 13
62 116
64 60
66 462
68 231
70 1270
72 830
91 427
93 101
95 775
97 682
99 5321
101 3166
103 5617
105 3979
107 1629
109 6737
111 7417
113 1163
115 839
117 658
119 335
121 233
123 131
125 71
127 30
129 45
131 36
133 427
135 244
137 150
139 4447
141 3009
143 1551
145 1569
147 924
149 396
151 47
153 90
155 55
157 2831
159 1848
161 1454
163 199
165 218
167 73
169 5402
171 3874
173 1714
175 2013
177 1172
179 656
181 2305
183 1458
185 755
187 35
189 1226
191 1174
193 696
195 88
197 124
199 217
201 54
203 525
205 449
207 5022
209 2768
211 5105
213 3576
215 1259
217 6211
219 54900
221 35
223 456
225 1022
227 39
229 7
231 463
233 425
235 2398
237 2293
239 2717
241 1042
243 865
245 2423
247 126
249 258
251 53
253 590
255 451
257 5112
259 2836
261 5182
263 3583
265 1210
267 6232
269 55000
288 46
299 436
301 170
303 440
305 139
307 94
309 156
311 191
313 7
314 11
315 5
317 8
319 12
321 6
325 10
327 12
329 17
331 32
333 10
335 15
339 7
341 15
345 17
347 7
349 41
351 13
353 9
355 38
359 51
361 33
363 255
365 105
371 217
373 165
377 113
379 72
383 591
385 625
389 1758
391 2170
395 1388
397 1797
401 394
403 321
405 4909
407 114
411 26
413 935
426 74
428 28
434 80
436 59
438 46
440 157
442 222
444 257
447 296
449 1176
451 10700
453 288
464 904
526 129
528 203
530 219
532 644
534 1866
536 6347
538 193
540 351
542 88
544 589
550 44
554 3
555 15
556 5
557 17
558 3
559 4
560 299
561 158
562 122
563 279
564 73
565 395
566 317
567 460
569 1818
571 1269
573 1335
575 1671
577 2190
579 551
581 1771
590 90
592 67
596 1
598 277
600 552
626 838
628 551
630 561
632 601
634 376
636 361
638 293
640 390
642 387
644 70
646 245
648 274
650 429
652 368
654 128
656 683
658 400
660 398
662 1133
664 315
753 5
800 4
801 12
802 40
803 106
804 85
805 320
806 37
807 35
808 37
809 53
810 82
811 111
812 65
813 61
814 70
815 79
816 64
817 101
819 39
820 27
821 64
822 95
823 218
824 422
825 3
826 2
827 18
828 26
829 39
830 261
831 18
832 19
833 32
834 44
835 87
836 235
837 149
839 30
841 57
843 54
845 74
847 155
849 127
851 346
853 286
855 693
857 431
859 1446
861 963
863 48
864 46
865 95
866 147
867 429
868 1883
869 76
870 66
871 71
872 110
873 180
874 68
875 449
876 1998
877 10
878 20
879 9
880 56
881 39
882 17
883 26
884 20
885 40
886 31
887 56
888 45
889 71
890 119
891 120
892 218
893 267
942 308
946 63
948 8
950 6
952 149
954 95
958 38
960 342
962 969800000
970 173
973 418
975 246
981 151500000
983 370
985 57900
987 12900
989 73700
991 1641
993 75000
1005 31
1007 78
1009 34
1011 304
1013 119
1015 16
1017 194
1019 90
1021 174
1023 279
1025 77
1027 382
1029 226
1031 223
1033 3989
1035 1614
1038 1100000000
1040 943300000
1042 1100000000
1044 973200000
1046 896300000
1048 1000000000
1050 77900000
1053 71800000
1055 93600000
1057 127100000
1059 7
1061 159
1063 9
1065 1459
1067 68
1069 485
1071 1424
1073 3849
1075 22
1077 3969
1079 38300
1081 90
1083 485
1085 1449
1087 71
1089 2105
1091 4195
1093 38300
1095 4
1097 383
1099 2293
1101 118
1103 21
1105 336
1107 1663
1109 1059
1111 2759
1113 30000
1115 211
1117 15
1119 1088
1121 2978
1123 9821
1125 4433
1127 39200
1129 36
1131 26
1133 454
1135 4677
1137 5
1139 15
1141 79
1143 340
1145 1033
1147 11400
1149 59700
1151 276
1153 115
1155 5
1157 226
1159 748
1161 1991
1163 21000
1165 742
1167 5
1169 48
1171 176
1173 3
1175 17
1177 235
1179 592
1181 810
1183 2182
1185 22900
1187 315600
1189 4
1191 74
1193 392
1195 3806
1197 1202
1199 3204
1201 34200
1203 1
1205 13
1207 20
1209 95
1211 360
1213 4701
1215 18000
1217 82
1219 78
1221 89
1223 108
1225 164
1227 415
1229 4712
1231 17100
1233 167
1237 229
1239 151
1241 94
1243 375
1245 1118
1247 12400
1249 38500
1251 375
1253 216
1255 161
1257 378
1259 1123
1261 12400
1263 39100
1265 15
1267 388
1269 1195
1271 1805
1273 703
1275 19200
1277 2
1279 10
1281 90
1283 221
1285 385
1287 1131
1289 12400
1291 5
1293 20
1295 183
1297 447
1299 651
1301 1800
1303 19100
1305 62300
1307 15
1309 59
1311 470
1313 1042
1315 1418
1317 3748
1319 38600
1321 5
1323 19
1325 136
1327 2859
1329 503
1331 1579
1333 16200
1335 21
1337 5
1339 349
1341 644
1343 1163
1345 3089
1347 24900
1349 5
1351 5
1353 20
1355 200
1357 663
1359 7615
1361 1155
1363 15
1365 264
1367 677
1369 890
1371 2450
1373 25000
1375 3
1377 131600
1379 10
1381 820
1383 1089
1385 1137
1387 1181
1389 58
1391 8282
1393 9174
1395 9169
1397 9146
1399 9187
1401 25500
1403 25700
1405 25600
1407 25300
1420 5
1422 2
1424 36
1426 2463
1428 233
1430 746
1432 8517
1434 32700
1436 19
1438 172
1440 244
1442 2702
1444 7076
1446 289
1448 134
1450 12200
1452 211
1454 232
1456 846
1458 258
1462 622
1464 8
1470 104
1472 102
1474 250
1476 327
1478 3090
1511 85
1513 1427
1515 495
1517 88
1519 16
1521 61
1523 731
1539 31
1540 237
1550 19
1592 153
1595 143
1597 147
1599 78
1601 9201
1603 1412
1605 1122
1607 368
1609 34
1611 81
1613 110
1615 59700
1617 11700
1619 2629
1621 1727
1623 701
1625 17
1627 47
1629 139
1631 61800
1635 181
1637 546
1639 1455
1641 1221
1643 8875
1645 56600
1654 204
1656 570
1658 768
1660 1247
1662 8295
1664 25300
1673 176
1675 479
1677 716
1679 1220
1681 3444
1683 68500
1692 135
1694 443
1696 687
1698 1200
1700 2109
1702 60300
1704 60100
1712 62900
1714 153
1716 36
1718 115
1720 251
1722 38
1724 45
1725 1154
1727 504
1729 702
1731 2112
1733 1
1734 5
1735 12
1737 77
1739 210
1741 259
1743 263
1745 2355
1747 4902
1765 77
1767 379
1769 570
1771 370
1773 113
1775 625
1777 137
1779 55
1781 478
1783 282
1785 72
1787 110
1789 180
1791 128
1793 33
1794 166
1823 332
1831 0136
1833 36
1835 32
1837 651
1859 724
1861 714
1863 94
1865 31
1869 79
1871 80
1873 335
1875 30
1877 330
1879 331
1881 393
1883 1946
1885 524
1887 54
1889 579
1891 85
189323 63
1895 35
1897 412
189923 220
1915 17
1917 101
1919 59
1921 79
1925 27
1927 41
1929 69
1931 1
1933 141
1935 112
1937 175
1939 158
1940 385
1941 1
1942 29
1944 23
1947 3
1949 173
1951 54
1953 429
1955 331
1957 40
1959 176300000
1961 75400000
1963 156
1965 17
1978 6
1980 1
1982 163
1985 84
1987 661
1989 106500000
1993 38
1997 254
1999 403
2001 353
2003 310
2007 413
2009 1444
2011 449
2015 93
2017 101
2019 135
2021 95
2028 32
2030 17
2032 34
2034 53
2036 38
2038 30
2040 27
2048 283
2054 599
2064 4861
2074 245
2080 538
2084 1676
2092 367
2102 30
2104 34
2106 21
2108 425
2110 40
2112 416
2114 60
2116 68
2118 24
2120 18
2122 13
2124 13
2126 53
2128 158
2130 52
2132 61
2134 49
2136 143
2138 91
2150 288
2162 14
2169 123
2171 2
2185 3762
2187 1043
2191 366
2195 395
2202 160
2205 220
2209 593
2213 101
2217 1264
2219 129
2221 129
2223 136
2225 128
2227 129
2229 699
2231 662
2233 221
2235 222
2237 76
2239 85
2241 65
2243 43
2253 173
2255 258
2259 227
2277 276
2281 222
2283 397
2285 625
2287 973
2289 981
229112 489
2293 807
229512 480
2297 1122
229912 205
2301 1061
230312 405
2307 52
2309 55
2313 163
2315 834
2317 693
2319 886
2321 805
2323 211
2325 213
2327 393
2331 193
2333 173
2335 135
2337 116
2341 490
2343 1257
2347 24
2349 147
2351 195
2353 827
2355 224
2357 140
2359 1529
2370 558
2391 229
2428 312
2430 60
2432 540
2434 5921
2436 1992
2438 69
2440 4291
2442 299
2444 8283
2446 2759
2448 3260
2450 707
2452 8313
2454 5797
2456 3537
2458 2139
2460 629
2462 608
2464 584
2466 498
2468 531
2470 502
2472 695
2474 13300
2476 2863
2481 8386
2483 8601
2485 8224
2487 1714
2489 2161
2491 4348
2493 2497
2495 7388
2497 5928
2499 5493
2501 6970
2503 8031
2505 2568
2532 336
2533 304
2534 295
2535 293
2536 69
2537 281
2538 70
2539 84
2540 286
2541 367
2550 777
2552 1705
2566 648
2568 1123
2570 9856
2572 16300
2577 21700000
2579 1800000
2581 4800000
2583 79200
2585 57900
2595 360100
2597 345700
2599 72400
2601 24300
2603 41500
2605 70200
2607 293600
2609 68400
2611 138300
2613 232200
2615 485800
2617 217300
2619 510200
2621 391600
2623 204300
2625 103100
2627 293600
2629 184700
2631 111300
2633 59800
2635 195100
2637 430200
2639 15100
2641 27800
2643 449900
2645 54600
2647 28900
2663 313100
2665 1100000
2667 881500
2669 398100
2671 178800
2675 300300
2859 757
2861 24
2862 48
2864 50
2865 113
2866 29
2876 1833
2878 94
2890 1250
2894 1364
2896 850
2898 637
2900 1061
2902 316
2904 1795
2906 958
2908 836
2910 2224
2912 678
2914 1456
2916 902
2918 830
2920 886
2922 1333
2924 912
2926 553
2928 794
2930 967
2932 494
2934 1279
2936 883
2955 26
2961 40
2970 1511
2972 365
2974 749
2976 225
2997 1500000
2998 5155
3000 14700
3002 5473
3004 14200
3008 23
3010 5
3012 9
3014 14
3016 6288
3018 5293
3020 2203
3022 1021
3024 16000
3026 11800
3028 7473
3030 3960
3032 99
3034 86
3036 93
3038 81
3040 10600
3042 8303
3044 4521
3046 2209
3049 5068
3051 14800
3053 10100
3054 26800
3093 694
3094 725
3095 485
3096 34
3097 23
3122 34300
3123 1012
3125 845
3138 2841
3140 5000000
3142 1829
3144 1139
3157 185
3162 21
3183 405
3188 222
3190 321
3192 95
3194 597
3196 3124
3198 4065
3200 4774
3202 79700
3204 199600
3211 153
3216 160
3226 393
3228 40
3239 43
3325 195
3327 72
3329 515
3331 79
3333 76
3335 70
3337 79
3339 1010
3341 75
3343 338
3345 149
3347 595
3349 153
3351 282
3353 188
3355 148
3357 930
3359 148
3361 1912
3363 1728
3365 950
3367 809
3369 1409
3371 196
3373 805
3377 16
3379 476
3381 305
3385 10200
3387 70600
3389 56600
3391 2889
3393 11000
3396 27
3398 272
3400 265
3402 1601
3404 3904
3406 96
3420 142
3422 306
3424 220
3426 152
3428 79
3430 1668
3432 1415
3434 1029
3436 638
3438 1003
3440 818
3442 882
3444 1913
3446 2376
3448 3321
3470 9714
3472 7128
3473 21300
3474 7255
3475 15400
3476 50800
3477 39800
3478 87900
3479 74500
3480 40900
3481 2000000
3483 2300000
3485 284100
3486 483600
3488 395300
3749 47100
3751 84500
3753 48700
3755 49200
3759 740
3761 202
3763 526
3765 730
3767 91
3769 503
3771 270
3773 524
3775 480
3777 626
3779 566
3781 555
3783 536
3785 505
3787 455
3789 637
3791 544
3793 1150
3795 881
3797 1303
3799 245
3801 713
3803 236
3827 1671400
3828 2368800
3829 3220700
3830 4239800
3831 14300000
3832 22600000
3833 32600000
3853 846
3867 1396
4087 258000
4089 14000
4091 72300
4093 48200
4095 5845
4097 6020
4099 16900
4101 74300
4103 48700
4105 9338
4107 43300
4109 9007
4111 71400
4113 48500
4115 110500
4117 12700
4119 920
4121 27000
4123 199
4125 323
4127 1546
4129 3656
4131 40600
4151 1600000
4153 68800
4156 3217
4161 1
4162 204
4164 921
4166 524
4168 411
4170 12300
4207 57600
4212 908200
4224 762200
4287 530
4289 478
4291 56
4293 65
4298 18
4300 15
4302 1235
4304 240
4306 35
4308 483
4310 270
4315 1
4317 2
4319 3
4321 4
4323 5
4325 6
4327 7
4329 8
4331 9
4333 10
4335 11
4337 12
4339 13
4341 14
4343 15
4345 16
4347 17
4349 18
4351 19
4353 20
4355 21
4357 22
4359 23
4361 24
4363 25
4365 26
4367 27
4369 28
4371 29
4373 30
4375 31
4377 32
4379 33
4381 34
4383 35
4385 36
4387 37
4389 38
4391 39
4395 41
4397 42
4399 43
4401 44
4403 45
4405 46
4407 47
4409 48
4411 49
4413 50
4417 164
4419 123
4421 83
4423 41
4436 183
4438 17
4440 2
4456 98
4458 38
4460 77
4464 12
4466 12
4468 18
4470 17
4472 16
4474 17
4476 17
4478 42
4480 40
4482 40
4517 952
4522 1426
4525 5
4527 22
4529 206
4535 33
4537 283
4540 14
4542 1
4544 76
4546 225
4548 1354
4551 923
4580 2374
4582 2909
4585 162200
4587 71000
4600 229
4608 293
4627 784
4675 63400
4694 149
4695 113
4696 9
4697 237
4698 354
4699 25
4708 67800
4710 74900
4712 1900000
4714 3300000
4716 5800000
4718 478000
4720 668000
4722 977100
4724 1500000
4726 942500
4728 578900
4730 339200
4732 32200
4734 333000
4736 4700000
4738 524300
4740 346
4745 388900
4747 111400
4749 640200
4751 882900
4753 2500000
4755 110300
4757 310300
4759 855800
4773 71
4778 30
4783 33
4788 68
4793 90
4798 143
4803 196
4812 1385
4819 11
4820 13
4821 13
4822 16
4823 38
4824 73
4825 383
4827 118
4830 7812
4832 8739
4834 18800
4840 1555
4842 660
4844 417
4846 276
4848 140
4850 2139
4860 030100
4866 050700
4872 01900000
4878 02900000
4884 06000000
4890 0356800
4896 0524300
4902 0838400
4908 01300000
4914 0913900
4920 0492100
4926 0244700
4932 08110
4938 0238400
4944 04700000
4950 0495200
4956 0302500
4962 097100
4968 0512900
4974 0724400
4980 02300000
4986 095600
4992 0214400
4998 0912100
5001 385
5003 221
5014 409
5016 248
5018 321
5024 755
5026 950
5028 1159
5030 834
5032 1043
5034 1115
5036 831
5038 319
5040 495
5042 767
5044 986
5046 1546
5048 721
5050 1043
5052 1141
5096 2
5097 3
5098 1
5099 1
5100 118
5101 1
5102 1
5103 1
5104 1
5105 4
5106 20
5280 8
5281 19
5282 5
5283 3
5284 3
5285 23
5286 220
5287 6298
5288 36900
5289 114800
5290 16700
5291 2
5292 1
5293 2
5294 3
5295 7392
5296 1738
5297 184
5298 3044
5299 2046
5300 62400
5301 919
5302 33200
5303 27200
5304 404900
5305 1
5306 1
5307 1
5308 10
5309 7
5310 1
5311 8
5312 2
5313 541
5314 26600
5315 78900
5316 314600
5318 1
5319 1
5320 2
5321 2480
5324 1
5325 319
5329 162
5331 315
5341 164
5343 194
5345 13800
5350 4
5352 8
5354 358
5376 1
5386 2481
5396 3237
5406 209
5416 1069
5418 3
5438 522
5458 383
5478 267
5504 12
5516 30600
5521 756
5523 40
5525 10
5527 5
5529 9
5531 7125
5533 1
5535 5
5537 310
5539 11
5541 52
5543 93
5545 70
5547 904
5549 21300
5574 3526
5575 6248
5576 4697
5616 120
5617 134
5618 146
5619 157
5620 238
5621 314
5622 1760
5623 1702
5624 1726
5625 1681
5626 206
5627 1487
5628 162
5629 158
5630 167
5631 822
5632 185
5633 220
5634 399
5635 1802
5639 1825
5640 1857
5641 1726
5642 115
5643 116
5644 129
5645 141
5646 184
5647 321
5648 1755
5649 1756
5650 1769
5651 1781
5652 1824
5653 1961
5654 163
5655 164
5656 207
5657 279
5658 137
5659 529
5660 2002
5661 1803
5662 1748
5663 1847
5664 1897
5665 1391
5680 17100
5682 687
5686 6729
5688 8492
5690 8374
5692 7684
5694 8697
5696 8822
5698 25100
5700 8067
5704 860
5706 701
5708 646
5710 893
5712 1586
5714 12800
5716 38600
5718 9059
5720 8900
5722 8845
5724 8916
5726 9842
5728 19900
5730 40400
5734 3394
5736 11600
5739 370
5741 1093
5743 39500
5745 2235
5747 35400
5749 18
5751 784
5753 14200
5755 5002
5757 25800
5759 34
5761 1658
5763 1718
5765 3151
5767 46
5769 37
5771 1645
5773 3204
5775 4762
5777 6031
5779 3095
5781 6103
5783 9111
5785 12200
5787 2418
5789 4750
5791 7081
5793 8688
5795 1404
5797 2721
5799 4038
5801 5337
5803 1673
5805 3259
5807 4845
5809 6309
5811 1298
5813 2510
5815 3721
5817 4934
5819 3178
5821 6269
5823 9360
5825 12000
5827 3235
5829 6383
5831 9531
5833 13000
5835 1127
5837 2168
5839 3209
5841 4082
5843 5524
5845 11000
5847 16400
5849 22100
5851 27300
5853 52300
5855 78300
5857 112700
5859 1697
5861 3307
5863 4917
5865 6528
5867 39300
5869 78400
5871 117600
5873 167100
5875 3032
5877 5977
5879 8922
5881 11900
5883 2125
5885 4163
5887 6201
5889 8240
5891 1315
5893 2543
5895 3771
5897 5000
5899 12000
5901 24000
5903 35900
5905 47900
5907 15600
5909 31100
5911 46600
5913 66300
5915 3672
5917 7258
5919 10800
5921 14400
5923 2966
5925 5845
5927 8724
5929 11600
5931 247
5933 692
5935 1266
5937 228
5940 6430
5943 3623
5945 5129
5947 3542
5949 1885
5952 2238
5954 2195
5956 1367
5958 916
5968 425
5970 101
5972 1554
5974 971
5976 1004
5978 32
5980 51
5982 82
5984 25
5986 25
5988 4
5992 357
5994 20
5996 7
5998 6
6000 10
6002 77
6004 198
6006 234
6008 245
6010 4693
6012 122
6014 210
6016 5712
6018 488
6020 89
6022 20
6024 17
6026 6
6028 9
6030 3
6032 143
6034 933
6036 171
6038 5583
6041 11800
6043 60
6045 43
6047 42
6049 1157
6051 7950
6061 116
6062 1673
6128 22200
6129 37800
6130 37500
6131 36300
6133 10100
6135 8675
6137 38000
6139 26900
6141 24600
6143 2403
6145 3673
6147 35300
6149 1022
6151 2967
6153 104100
6155 4295
6157 8955
6159 34000
6161 34100
6163 7085
6165 15400
6167 13200
6169 26500
6171 463
6173 369
6211 2218
6213 2687
6215 18900
6235 85300
6237 17300
6257 84200
6259 17100
6279 81200
6281 4
6283 3
6285 13
6287 2477
6289 2832
6291 1455
6293 199
6295 100
6297 70
6299 82
6305 1
6306 5
6311 8952
6313 254
6315 6968
6317 8047
6319 8976
6322 30100
6324 946
6326 2125
6328 13500
6330 8009
6332 878
6333 137
6335 14000
6337 14300
6339 11500
6341 3389
6343 1528
6345 2053
6347 699
6349 1890
6351 3821
6353 1523
6355 2488
6357 992
6359 809
6361 2971
6363 443
6365 2259
6367 1599
6369 937
6371 3371
6373 331
6375 2692
6377 2003
6379 1642
6382 537
6384 281
6386 305
6388 639
6390 308
6392 362
6394 347
6396 355
6398 253
6400 361
6402 319
6404 354
6406 256
6408 707
6410 700
6412 1122
6414 1099
6416 1819
6418 1897
6420 2022
6470 7652
6472 4450
6474 2782
6476 1392
6522 587
6523 23500
6524 49500
6525 14900
6526 23500
6527 18300
6528 30600
6562 555600
6563 592200
6568 36700
6571 15300000
6573 15600000
6575 11400000
6577 3100000
6581 16700000
6583 602900
6585 15600000
6587 594
6589 1432
6591 431
6593 497
6595 982
6597 9181
6599 2045
6601 489
6603 454
6605 897
6607 1233
6609 4655
6611 997
6613 1164
6615 738
6617 4993
6619 1227
6621 752
6623 1570
6625 1470
6627 1984
6629 386
6631 1330
6633 2039
6667 29
6681 1
6683 19
6685 12400
6687 9075
6689 5581
6691 2641
6693 7532
6697 323
6701 198
6703 703
6705 451
6724 16300
6729 13500
6731 429000
6733 2000000
6735 449100
6737 4400000
6739 1500000
6760 5570
6762 10200
6764 7106
6794 148
6809 54700
6812 10200
6814 33
6889 5000000
6908 17500
6910 67100
6912 964400
6914 5000000
6916 1700000
6918 3500000
6920 948200
6922 1700000
6924 4700000
6959 112
6962 57
6971 26
6973 50
6975 119
6977 348
6979 325
6981 746
6983 1597
7051 410
7054 401
7056 558
7058 1114
7060 1067
7062 216
7064 128
7066 362
7068 433
7070 19
7072 60
7074 36
7076 34
7078 26
7080 146
7082 408
7084 39
7086 255
7088 148
7110 86
7112 369
7114 1078
7116 102
7122 608
7124 315
7126 212
7128 418
7130 259
7132 503
7134 426
7136 338
7138 110
7158 2
7159 309
7162 49
7164 59
7166 86
7168 1793
7170 1689
7172 40
7174 67
7176 950
7178 584
7180 291
7182 92
7184 131
7186 1457
7188 237
7190 167
7192 193
7194 643
7196 2088
7198 165
7200 129
7202 60
7204 332
7206 3760
7208 600
7210 363
7212 359
7214 1221
7216 2037
7218 1063
7220 375
7223 36
7224 107
7225 18
7228 154
7230 272
7319 30400
7321 21400
7323 61300
7325 33100
7327 62000
7329 101
7330 110
7331 132
7332 15600
7334 17700
7336 34200
7338 8414
7340 6966
7342 33900
7344 9730
7346 10200
7348 34000
7350 8536
7352 8317
7354 32700
7356 8795
7358 8842
7360 33200
7362 94100
7364 39700
7366 135200
7368 41600
7370 119700
7372 34900
7374 5274
7376 5331
7378 973500
7380 259400
7382 21700
7384 2364
7386 298900
7388 155700
7390 2100000
7392 445700
7394 2100000
7396 748400
7398 116500
7399 158200
7400 10600
7416 8676
7418 9025
7433 27
7435 14
7437 205
7439 1008
7441 868
7443 1823
7445 8497
7447 4665
7449 24800
7451 15200
7521 222
7566 487
7568 951
7650 414
7652 112
7654 85
7656 58
7658 30
7660 253
7662 196
7664 133
7666 67
7668 1666
7759 2532
7763 2665
7767 2685
7771 3018
7801 3821
7919 179
7934 186
7936 115
7939 13600
7944 297
7946 215
